-9.900000 1293
-9.700000 1405
-9.500000 1390
-9.300000 1463
-9.100000 1480
-8.900000 1541
-8.700000 1582
-8.500000 1773
-8.300000 1831
-8.100000 1940
-7.900000 2000
-7.700000 2084
-7.500000 2190
-7.300000 2313
-7.100000 2423
-6.900000 2516
-6.700000 2679
-6.500000 2924
-6.300000 3119
-6.100000 3473
-5.900000 3547
-5.700000 3803
-5.500000 3959
-5.300000 4344
-5.100000 4702
-4.900000 5058
-4.700000 5481
-4.500000 5926
-4.300000 6655
-4.100000 7018
-3.900000 7977
-3.700000 8735
-3.500000 9559
-3.300000 10658
-3.100000 11995
-2.900000 13610
-2.700000 15368
-2.500000 17612
-2.300000 20111
-2.100000 23501
-1.900000 27463
-1.700000 32939
-1.500000 39042
-1.300000 47580
-1.100000 57819
-0.900000 70681
-0.700000 85685
-0.500000 101971
-0.300000 116425
-0.100000 125814
0.100000 126252
0.300000 116636
0.500000 101661
0.700000 85539
0.900000 70412
1.100000 57682
1.300000 47515
1.500000 39252
1.700000 32482
1.900000 27541
2.100000 23665
2.300000 20028
2.500000 17655
2.700000 15308
2.900000 13463
3.100000 12102
3.300000 10747
3.500000 9692
3.700000 8726
3.900000 7754
4.100000 7207
4.300000 6534
4.500000 6016
4.700000 5493
4.900000 5019
5.100000 4853
5.300000 4342
5.500000 4101
5.700000 3808
5.900000 3540
6.100000 3412
6.300000 3129
6.500000 2936
6.700000 2885
6.900000 2594
7.100000 2507
7.300000 2265
7.500000 2167
7.700000 2077
7.900000 2045
8.100000 1896
8.300000 1771
8.500000 1768
8.700000 1702
8.900000 1617
9.100000 1507
9.300000 1386
9.500000 1420
9.700000 1327
9.900000 1290
